Initial force [13.0, -2.3000000000000003, 33.1]    2019-07-11 18:08:43.087775
Force after grasp [16.2, 0.5, 32.6]    2019-07-11 18:08:53.098510
Object weight :3.2    2019-07-11 18:08:53.098648
FL0 : 3.2    2019-07-11 18:08:53.098724
FG0 : 3.2    2019-07-11 18:08:53.098791
m : 0.9375    2019-07-11 18:08:53.098857
threshold: 12.68    2019-07-11 18:08:53.098917
Positions : 0.026 Fx :16.2 Fz:32.6    2019-07-11 18:08:53.099066
Positions : 0.026 Fx :16.1 Fz:32.8    2019-07-11 18:08:53.299389
Positions : 0.026 Fx :15.9 Fz:32.6    2019-07-11 18:08:53.499820
Positions : 0.026 Fx :16.1 Fz:32.7    2019-07-11 18:08:53.700564
Positions : 0.026 Fx :16.2 Fz:32.6    2019-07-11 18:08:53.899402
Positions : 0.026 Fx :16.3 Fz:32.6    2019-07-11 18:08:54.099663
Positions : 0.026 Fx :16.2 Fz:32.4    2019-07-11 18:08:54.299759
Positions : 0.026 Fx :16.1 Fz:32.6    2019-07-11 18:08:54.499886
Positions : 0.026 Fx :15.1 Fz:35.1    2019-07-11 18:08:54.699832
Positions : 0.027 Fx :14.5 Fz:36.8    2019-07-11 18:08:54.899566
Positions : 0.028 Fx :14.5 Fz:37.6    2019-07-11 18:08:55.099607
Positions : 0.029 Fx :14.1 Fz:35.3    2019-07-11 18:08:55.299644
Pull to release : 0:00:00.000222    2019-07-11 18:08:55.300050
